0 37
1 48
2 47
3 33
4 46
5 39
6 13
7 11
8 49
9 19
10 4
11 14
12 5
13 13
14 49
15 40
16 38
17 39
18 24
19 45
20 36
21 23
22 39
23 19
24 27
25 15
26 3
27 20
28 36
29 36
30 29
31 6
32 13
33 45
34 35
35 43
36 31
37 39
38 34
39 10
40 6
41 23
42 33
43 31
44 39
45 16
46 9
47 8
48 33
49 5
50 23
51 18
52 49
53 40
54 18
55 9
56 13
57 19
58 42
59 16
60 9
61 23
62 8
63 27
64 20
65 15
66 31
67 50
68 39
69 20
70 23
71 10
72 46
73 45
74 39
75 34
76 3
77 50
78 45
79 15
80 18
81 41
82 35
83 44
84 42
85 48
86 14
87 38
88 25
89 40
90 28
91 46
92 33
93 46
94 35
95 8
96 18
97 18
98 37
99 5
